     A   R   N   D   C   Q   E   G   H   I   L   K   M   F   P   S   T   W   Y   V   Y   Z   X
 A  72  -1   1  -3  10   5  -2  19  -1   1  -2   1   8  -8   1  27  13 -20  -4  14 -20  -2 -31
 R  -1  87   7  -2 -12  23   6 -10  12 -15  -9  42   1 -13  -9   5   2 -15   2 -10 -15   6 -31
 N   1   7  82  29  -1  13   4  13  24 -13 -18  15  -1 -13  -3  21  17 -24  -2 -13 -24   4 -31
 D  -3  -2  29  90 -13   9  26   1   8 -22 -24   7 -13 -24   0   9   5 -31 -10 -18 -31  26 -31
 C  10 -12  -1 -13 119  -8 -16  -6  -4  -2   0 -11   3  -3 -12   8   8 -25  -4   8 -25 -16 -31
 Q   5  23  13   9  -8  69  25  -3  18 -10  -8  24  11 -16   2  14   5  -7   2  -7  -7  25 -31
 E  -2   6   4  26 -16  25  66 -16   4 -24 -22  17  -8 -20   1   2   0 -20  -7 -20 -20  66 -31
 G  19 -10  13   1  -6  -3 -16 104  -3 -22 -24  -2  -7 -17  -2  14  -2 -17 -12 -20 -17 -16 -31
 H  -1  12  24   8  -4  18   4  -3  97 -14  -6  11   5   4  -3   7   0 -15  28 -14 -15   4 -31
 I   1 -15 -13 -22  -2 -10 -24 -22 -14  71  40 -14  28  15  -9  -8   9 -15   7  53 -15 -24 -31
 L  -2  -9 -18 -24   0  -8 -22 -24  -6  40  81 -15  37  25 -15 -12   3 -13   8  29 -13 -22 -31
 K   1  42  15   7 -11  24  17  -2  11 -14 -15  72   0 -15   3   8   6 -20  -1 -11 -20  17 -31
 M   8   1  -1 -13   3  11  -8  -7   5  28  37   0  67  16  -4   1  10  -2  11  22  -2  -8 -31
 F  -8 -13 -13 -24  -3 -16 -20 -17   4  15  25 -15  16  96 -18  -7  -5  13  47   9  13 -20 -31
 P   1  -9  -3   0 -12   2   1  -2  -3  -9 -15   3  -4 -18 112   4   3 -20 -10  -8 -20   1 -31
 S  27   5  21   9   8  14   2  14   7  -8 -12   8   1  -7   4  64  30 -24  -1   0 -24   2 -31
 T  13   2  17   5   8   5   0  -2   0   9   3   6  10  -5   3  30  68 -16   1  17 -16   0 -31
 W -20 -15 -24 -31 -25  -7 -20 -17 -15 -15 -13 -20  -2  13 -20 -24 -16 108  21 -18 108 -20 -31
 Y  -4   2  -2 -10  -4   2  -7 -12  28   7   8  -1  11  47 -10  -1   1  21  87   2  21  -7 -31
 V  14 -10 -13 -18   8  -7 -20 -20 -14  53  29 -11  22   9  -8   0  17 -18   2  69 -18 -20 -31
 Y -20 -15 -24 -31 -25  -7 -20 -17 -15 -15 -13 -20  -2  13 -20 -24 -16 108  21 -18 108 -20 -31
 Z  -2   6   4  26 -16  25  66 -16   4 -24 -22  17  -8 -20   1   2   0 -20  -7 -20 -20  66 -31
 X -31 -31 -31 -31 -31 -31 -31 -31 -31 -31 -31 -31 -31 -31 -31 -31 -31 -31 -31 -31 -31 -31 -31
