     A   R   N   D   C   Q   E   G   H   I   L   K   M   F   P   S   T   W   Y   V   Y   Z   X
 A  60  -2   0  -4  10   4  -1  18  -3   1  -1   1   8  -9   0  26  12 -29  -6  14 -29  -1   0
 R  -2  79   7  -3 -18  23   5 -11  12 -18  -8  41  -1 -16 -12   4   1 -24   0 -12 -24   5   0
 N   0   7  79  29  -5  13   3  13  26 -16 -20  15  -5 -18  -6  21  17 -37  -5 -15 -37   3   0
 D  -4  -3  29  81 -20   9  25   1   7 -26 -25   6 -20 -30  -1   9   4 -47 -14 -20 -47  25   0
 C  10 -18  -5 -20 130 -15 -23 -10 -11  -5  -1 -16   0  -7 -20   7   6 -43  -9   7 -43 -23   0
 Q   4  23  13   9 -15  71  25  -4  19 -14  -9  24  10 -22   0  14   3 -14   0 -10 -14  25   0
 E  -1   5   3  25 -23  25  58 -16   3 -26 -21  17 -12 -23   0   1   0 -29 -10 -21 -29  58   0
 G  18 -11  13   1 -10  -4 -16  84  -5 -23 -23  -3 -10 -19  -4  14  -3 -25 -15 -20 -25 -16   0
 H  -3  12  26   7 -11  19   3  -5 106 -20  -9  10   3   3  -7   5  -3 -28  31 -20 -28   3   0
 I   1 -18 -16 -26  -5 -14 -26 -23 -20  63  36 -16  29  14 -11  -9   8 -23   6  48 -23 -26   0
 L  -1  -8 -20 -25  -1  -9 -21 -23  -9  36  62 -15  37  24 -17 -11   3 -18   8  26 -18 -21   0
 K   1  41  15   6 -16  24  17  -3  10 -16 -15  65  -1 -18   2   8   6 -30  -3 -11 -30  17   0
 M   8  -1  -5 -20   0  10 -12 -10   3  29  37  -1  76  16  -9   0   9  -9  10  22  -9 -12   0
 F  -9 -16 -18 -30  -7 -22 -23 -19   3  14  24 -18  16  89 -24  -9  -7  13  48   9  13 -23   0
 P   0 -12  -6  -1 -20   0   0  -4  -7 -11 -17   2  -9 -24 105   3   2 -33 -16 -10 -33   0   0
 S  26   4  21   9   7  14   1  14   5  -9 -11   8   0  -9   3  58  29 -35  -3   0 -35   1   0
 T  12   1  17   4   6   3   0  -3  -3   8   3   6   9  -7   2  29  63 -26   0  16 -26   0   0
 W -29 -24 -37 -47 -43 -14 -29 -25 -28 -23 -18 -30  -9  13 -33 -35 -26 123  23 -26 123 -29   0
 Y  -6   0  -5 -14  -9   0 -10 -15  31   6   8  -3  10  48 -16  -3   0  23  89   1  23 -10   0
 V  14 -12 -15 -20   7 -10 -21 -20 -20  48  26 -11  22   9 -10   0  16 -26   1  60 -26 -21   0
 Y -29 -24 -37 -47 -43 -14 -29 -25 -28 -23 -18 -30  -9  13 -33 -35 -26 123  23 -26 123 -29   0
 Z  -1   5   3  25 -23  25  58 -16   3 -26 -21  17 -12 -23   0   1   0 -29 -10 -21 -29  58   0
 X   0   0   0   0   0   0   0   0   0   0   0   0   0   0   0   0   0   0   0   0   0   0   0
